0.000000000000000000e+00 0.000000000000000000e+00
1.999999999999999825e-04 3.063168083047775048e-02
3.999999999999999650e-04 5.205418418418895909e-02
5.999999999999999474e-04 7.000410298868166292e-02
7.999999999999999299e-04 8.590886678751011307e-02
1.000000000000000021e-03 1.003605209204668086e-01
1.199999999999999895e-03 1.136550225495640276e-01
1.399999999999999769e-03 1.259685574864174984e-01
1.599999999999999860e-03 1.374239234075841642e-01
1.799999999999999951e-03 1.481167070033593824e-01
2.000000000000000042e-03 1.581261723761542282e-01
2.199999999999999699e-03 1.675202086564105963e-01
2.399999999999999790e-03 1.763578973432435859e-01
2.599999999999999881e-03 1.846910741903048936e-01
2.799999999999999538e-03 1.925654290903778265e-01
2.999999999999999629e-03 2.000213625436867149e-01
3.199999999999999720e-03 2.070946915718548387e-01
3.399999999999999811e-03 2.138172479416489691e-01
3.599999999999999901e-03 2.202173911089404523e-01
3.799999999999999559e-03 2.263204501303560101e-01
4.000000000000000083e-03 2.321491049846561294e-01
4.199999999999999740e-03 2.377237155361936749e-01
4.399999999999999398e-03 2.430626061931920323e-01
4.599999999999999922e-03 2.481823111435442486e-01
4.799999999999999580e-03 2.530977869936558711e-01
4.999999999999999237e-03 2.578225967020512099e-01
5.199999999999999761e-03 2.623690690695265060e-01
5.399999999999999419e-03 2.667484374319643026e-01
5.599999999999999076e-03 2.709709602739499568e-01
5.799999999999999600e-03 2.750460274183589293e-01
5.999999999999999258e-03 2.789822472591062530e-01
6.199999999999999782e-03 2.827875370161436197e-01
6.399999999999999439e-03 2.864691838974474103e-01
6.599999999999999097e-03 2.900339122562078376e-01
6.799999999999999621e-03 2.934879376181346311e-01
6.999999999999999278e-03 2.968370153302777870e-01
7.199999999999999803e-03 3.000864836698129423e-01
7.399999999999999460e-03 3.032413021502602946e-01
7.599999999999999117e-03 3.063060856279545274e-01
7.799999999999999642e-03 3.092851343932587760e-01
8.000000000000000167e-03 3.121824631439279463e-01
8.199999999999998956e-03 3.150018217315523894e-01
8.399999999999999481e-03 3.177467209375802182e-01
8.600000000000000006e-03 3.204204499715916921e-01
8.799999999999998795e-03 3.230260948653390085e-01
8.999999999999999320e-03 3.255665544280840207e-01
9.199999999999999845e-03 3.280445547689958552e-01
9.399999999999998634e-03 3.304626624516381339e-01
9.599999999999999159e-03 3.328232964374160940e-01
9.799999999999999684e-03 3.351287389476055867e-01
9.999999999999998473e-03 3.373811453695374496e-01
1.019999999999999900e-02 3.089508724043423249e-01
1.039999999999999952e-02 2.896807063606220423e-01
1.059999999999999831e-02 2.738358802779357615e-01
1.079999999999999884e-02 2.599906954767642331e-01
1.099999999999999936e-02 2.475547487344524344e-01
1.119999999999999815e-02 2.362336420683881777e-01
1.139999999999999868e-02 2.258526713057934510e-01
1.159999999999999920e-02 2.162904487650585683e-01
1.179999999999999973e-02 2.074527258478124914e-01
1.199999999999999852e-02 1.992615185031381686e-01
1.219999999999999904e-02 1.916501538599801879e-01
1.239999999999999956e-02 1.845607113182182180e-01
1.259999999999999835e-02 1.779424630412562713e-01
1.279999999999999888e-02 1.717507771733156607e-01
1.299999999999999940e-02 1.659462642520000697e-01
1.319999999999999819e-02 1.604940739740596811e-01
1.339999999999999872e-02 1.553632994586776617e-01
1.359999999999999924e-02 1.505264666340050406e-01
1.379999999999999803e-02 1.459590944846649307e-01
1.399999999999999856e-02 1.416393157523606616e-01
1.419999999999999908e-02 1.375475498598134061e-01
1.439999999999999961e-02 1.336662200170269377e-01
1.459999999999999840e-02 1.299795096366277158e-01
1.479999999999999892e-02 1.264731512412601289e-01
1.499999999999999944e-02 1.231342439792278975e-01
1.519999999999999823e-02 1.199510954937231810e-01
1.539999999999999876e-02 1.169130844391349511e-01
1.559999999999999928e-02 1.140105410572447298e-01
1.579999999999999807e-02 1.112346432575851418e-01
1.600000000000000033e-02 1.085773272459192862e-01
1.619999999999999912e-02 1.060312021075899835e-01
1.639999999999999791e-02 1.035894874143744593e-01
1.660000000000000017e-02 1.012459473446830072e-01
1.679999999999999896e-02 9.899483757944366191e-02
1.699999999999999775e-02 9.683085745704528291e-02
1.720000000000000001e-02 9.474910757184246135e-02
1.739999999999999880e-02 9.274505218174300403e-02
1.759999999999999759e-02 9.081448576808426321e-02
1.779999999999999985e-02 8.895350357493991833e-02
1.799999999999999864e-02 8.715847323271253000e-02
1.819999999999999743e-02 8.542601457718262958e-02
1.839999999999999969e-02 8.375297440946460892e-02
1.859999999999999848e-02 8.213640950603245949e-02
1.879999999999999727e-02 8.057356870694631912e-02
1.899999999999999953e-02 7.906187741835579708e-02
1.919999999999999832e-02 7.759892352496305934e-02
1.939999999999999711e-02 7.618244464874901478e-02
1.959999999999999937e-02 7.481031659840153836e-02
1.979999999999999816e-02 7.348054288099020726e-02
1.999999999999999695e-02 7.219124516306008044e-02
2.019999999999999921e-02 1.015723354136317119e-01
2.039999999999999800e-02 1.217812880062962982e-01
2.059999999999999679e-02 1.385531228532878578e-01
2.079999999999999905e-02 1.533137841611273700e-01
2.099999999999999784e-02 1.666539135340927569e-01
2.119999999999999662e-02 1.788681404576383527e-01
2.139999999999999888e-02 1.901313939831003608e-01
2.159999999999999767e-02 2.005652802893485853e-01
2.179999999999999646e-02 2.102642603278381261e-01
2.199999999999999872e-02 2.193065245631369287e-01
2.219999999999999751e-02 2.277589465743295460e-01
2.239999999999999630e-02 2.356796421548482678e-01
2.259999999999999856e-02 2.431195290163311040e-01
2.279999999999999735e-02 2.501234237570961749e-01
2.299999999999999961e-02 2.567308965645179741e-01
2.319999999999999840e-02 2.629769708989509458e-01
2.339999999999999719e-02 2.688927239404065861e-01
2.359999999999999945e-02 2.745057976359063234e-01
2.379999999999999824e-02 2.798408336389734408e-01
2.399999999999999703e-02 2.849198566399898103e-01
2.419999999999999929e-02 2.897626006153970479e-01
2.439999999999999808e-02 2.943867918538510819e-01
2.459999999999999687e-02 2.988083926680259461e-01
2.479999999999999913e-02 3.030418126092698783e-01
2.499999999999999792e-02 3.071000910692458508e-01
2.519999999999999671e-02 3.109950555233733649e-01
2.539999999999999897e-02 3.147374591228200291e-01
2.559999999999999776e-02 3.183371002224277269e-01
2.579999999999999655e-02 3.218029264004813594e-01
2.599999999999999881e-02 3.251431239265792916e-01
2.619999999999999760e-02 3.283652032709445945e-01
2.639999999999999639e-02 3.314760615881290895e-01
2.659999999999999865e-02 3.344820486773020796e-01
2.679999999999999744e-02 3.373890201773289133e-01
2.699999999999999623e-02 3.402023854859276830e-01
2.719999999999999848e-02 3.429271502393481663e-01
2.739999999999999727e-02 3.455679539787948062e-01
2.759999999999999606e-02 3.481291036618572310e-01
2.779999999999999832e-02 3.506146031919996631e-01
2.799999999999999711e-02 3.530281818613054123e-01
2.819999999999999590e-02 3.553733145954240391e-01
2.839999999999999816e-02 3.576532472553729525e-01
2.859999999999999695e-02 3.598710136871137721e-01
2.879999999999999921e-02 3.620294536908852390e-01
2.899999999999999800e-02 3.641312285742407395e-01
2.919999999999999679e-02 3.661788352932700552e-01
2.939999999999999905e-02 3.681746192457160394e-01
2.959999999999999784e-02 3.701207858716406562e-01
2.979999999999999663e-02 3.720194111901733436e-01
2.999999999999999889e-02 3.738724513852151321e-01
3.019999999999999768e-02 3.450500707077108764e-01
3.039999999999999647e-02 3.253948694172997258e-01
3.059999999999999873e-02 3.091719006414189730e-01
3.079999999999999752e-02 2.949552918395614842e-01
3.099999999999999631e-02 2.821544714652785557e-01
3.119999999999999857e-02 2.704748785852471027e-01
3.139999999999999736e-02 2.597416524756553380e-01
3.159999999999999615e-02 2.498332512745556067e-01
3.179999999999999494e-02 2.406552796042910058e-01
3.200000000000000067e-02 2.321296102359733382e-01
3.219999999999999946e-02 2.241894316793349162e-01
3.239999999999999825e-02 2.167766889884033543e-01
3.259999999999999704e-02 2.098405242126072934e-01
3.279999999999999583e-02 2.033361792519867151e-01
3.299999999999999462e-02 1.972241413247952380e-01
3.320000000000000034e-02 1.914694432868661589e-01
