0.000000000000000000e+00 0.000000000000000000e+00
1.999999999999999825e-04 3.063168083047775048e-02
3.999999999999999650e-04 5.205418418418895909e-02
5.999999999999999474e-04 7.000410298868166292e-02
7.999999999999999299e-04 8.590886678751011307e-02
1.000000000000000021e-03 1.003605209204668086e-01
1.199999999999999895e-03 1.136550225495640276e-01
1.399999999999999769e-03 1.259685574864174984e-01
1.599999999999999860e-03 1.374239234075841642e-01
1.799999999999999951e-03 1.481167070033593824e-01
2.000000000000000042e-03 1.581261723761542282e-01
2.199999999999999699e-03 1.675202086564105963e-01
2.399999999999999790e-03 1.763578973432435859e-01
2.599999999999999881e-03 1.846910741903048936e-01
2.799999999999999538e-03 1.925654290903778265e-01
2.999999999999999629e-03 2.000213625436867149e-01
3.199999999999999720e-03 2.070946915718548387e-01
3.399999999999999811e-03 2.138172479416489691e-01
3.599999999999999901e-03 2.202173911089404523e-01
3.799999999999999559e-03 2.263204501303560101e-01
4.000000000000000083e-03 2.321491049846561294e-01
4.199999999999999740e-03 2.377237155361936749e-01
4.399999999999999398e-03 2.430626061931920323e-01
4.599999999999999922e-03 2.481823111435442486e-01
4.799999999999999580e-03 2.530977869936558711e-01
4.999999999999999237e-03 2.578225967020512099e-01
5.199999999999999761e-03 2.623690690695265060e-01
5.399999999999999419e-03 2.667484374319643026e-01
5.599999999999999076e-03 2.709709602739499568e-01
5.799999999999999600e-03 2.750460274183589293e-01
5.999999999999999258e-03 2.789822472591062530e-01
6.199999999999999782e-03 2.827875370161436197e-01
6.399999999999999439e-03 2.864691838974474103e-01
6.599999999999999097e-03 2.900339122562078376e-01
6.799999999999999621e-03 2.934879376181346311e-01
6.999999999999999278e-03 2.968370153302777870e-01
7.199999999999999803e-03 3.000864836698129423e-01
7.399999999999999460e-03 3.032413021502602946e-01
7.599999999999999117e-03 3.063060856279545274e-01
7.799999999999999642e-03 3.092851343932587760e-01
8.000000000000000167e-03 3.121824631439279463e-01
8.199999999999998956e-03 3.150018217315523894e-01
8.399999999999999481e-03 3.177467209375802182e-01
8.600000000000000006e-03 3.204204499715916921e-01
8.799999999999998795e-03 3.230260948653390085e-01
8.999999999999999320e-03 3.255665544280840207e-01
9.199999999999999845e-03 3.280445547689958552e-01
9.399999999999998634e-03 3.304626624516381339e-01
9.599999999999999159e-03 3.328232964374160940e-01
9.799999999999999684e-03 3.351287389476055867e-01
9.999999999999998473e-03 3.373811453695374496e-01
1.019999999999999900e-02 3.089508724043423249e-01
1.039999999999999952e-02 2.896807063606220423e-01
1.059999999999999831e-02 2.738358802779357615e-01
1.079999999999999884e-02 2.599906954767642331e-01
1.099999999999999936e-02 2.475547487344524344e-01
1.119999999999999815e-02 2.362336420683881777e-01
1.139999999999999868e-02 2.258526713057934510e-01
1.159999999999999920e-02 2.162904487650585683e-01
1.179999999999999973e-02 2.074527258478124914e-01
1.199999999999999852e-02 1.992615185031381686e-01
1.219999999999999904e-02 1.916501538599801879e-01
1.239999999999999956e-02 1.845607113182182180e-01
1.259999999999999835e-02 1.779424630412562713e-01
1.279999999999999888e-02 1.717507771733156607e-01
