0.000000000000000000e+00 0.000000000000000000e+00
1.999999999999999825e-04 2.552566876676335902e-02
3.999999999999999650e-04 3.493307009060699769e-02
5.999999999999999474e-04 4.009170307030950758e-02
7.999999999999999299e-04 4.349619195119084486e-02
1.000000000000000021e-03 4.597546734316653588e-02
1.199999999999999895e-03 4.789440887323257595e-02
1.399999999999999769e-03 4.944246719962935160e-02
1.599999999999999860e-03 5.072932909018965097e-02
1.799999999999999951e-03 5.182361929030242231e-02
2.000000000000000042e-03 5.277084067202125056e-02
2.199999999999999699e-03 5.360255992130912028e-02
2.399999999999999790e-03 5.434148344078316289e-02
2.599999999999999881e-03 5.500443565210756669e-02
2.799999999999999538e-03 5.560419508953028805e-02
2.999999999999999629e-03 5.615067296289041193e-02
3.199999999999999720e-03 5.665169604286926508e-02
3.399999999999999811e-03 5.711354231509627177e-02
3.599999999999999901e-03 5.754131681259443826e-02
3.799999999999999559e-03 5.793922126425510993e-02
4.000000000000000083e-03 5.831075138931787055e-02
4.199999999999999740e-03 5.865884353681857788e-02
4.399999999999999398e-03 5.898598608836423673e-02
4.599999999999999922e-03 5.929430416121826003e-02
4.799999999999999580e-03 5.958562587015838602e-02
4.999999999999999237e-03 5.986153417713577229e-02
5.199999999999999761e-03 6.012340800431583560e-02
5.399999999999999419e-03 6.037245529742675532e-02
5.599999999999999076e-03 6.060973963718686158e-02
5.799999999999999600e-03 6.083620289751769800e-02
5.999999999999999258e-03 6.105267829631984972e-02
6.199999999999999782e-03 6.125991476933694002e-02
6.399999999999999439e-03 6.145857959362954759e-02
6.599999999999999097e-03 6.164927348631580456e-02
6.799999999999999621e-03 6.183253828493361776e-02
6.999999999999999278e-03 6.200886428074834505e-02
7.199999999999999803e-03 6.217869644448715399e-02
7.399999999999999460e-03 6.234243975609279204e-02
7.599999999999999117e-03 6.250046378047315054e-02
7.799999999999999642e-03 6.265310627036357882e-02
8.000000000000000167e-03 6.280067834074977429e-02
8.199999999999998956e-03 6.294346379695356375e-02
8.399999999999999481e-03 6.308172560252171823e-02
8.600000000000000006e-03 6.321570594275446875e-02
8.799999999999998795e-03 6.334562884971962904e-02
8.999999999999999320e-03 6.347170187197911928e-02
9.199999999999999845e-03 6.359411763456389310e-02
9.399999999999998634e-03 6.371305521320745624e-02
9.599999999999999159e-03 6.382868135542360544e-02
9.799999999999999684e-03 6.394115156834254132e-02
9.999999999999998473e-03 6.405061110190997387e-02
1.019999999999999900e-02 3.863152700271105244e-02
1.039999999999999952e-02 2.932796271423668971e-02
1.059999999999999831e-02 2.427053844117615239e-02
1.079999999999999884e-02 2.096474195719575523e-02
1.099999999999999936e-02 1.858174796564850823e-02
1.119999999999999815e-02 1.675677593895855827e-02
1.139999999999999868e-02 1.530046860175016815e-02
1.159999999999999920e-02 1.410322822848560087e-02
1.179999999999999973e-02 1.309651034062869757e-02
1.199999999999999852e-02 1.223489355859348066e-02
1.219999999999999904e-02 1.148688458786753519e-02
1.239999999999999956e-02 1.082984743473650729e-02
1.259999999999999835e-02 1.024702440839944662e-02
1.279999999999999888e-02 9.725700274444561144e-03
1.299999999999999940e-02 9.256023918634830039e-03
1.319999999999999819e-02 8.830225671543831534e-03
1.339999999999999872e-02 8.442081840909276824e-03
1.359999999999999924e-02 8.086539064777194252e-03
1.379999999999999803e-02 7.759444820587609037e-03
1.399999999999999856e-02 7.457350283172160810e-03
1.419999999999999908e-02 7.177363825048993506e-03
1.439999999999999961e-02 6.917039743074560043e-03
1.459999999999999840e-02 6.674293675411592519e-03
1.479999999999999892e-02 6.447336451080608322e-03
1.499999999999999944e-02 6.234622343875756423e-03
1.519999999999999823e-02 6.034808055677624850e-03
1.539999999999999876e-02 5.846719675883474410e-03
1.559999999999999928e-02 5.669326144661611389e-03
1.579999999999999807e-02 5.501717815741900830e-03
1.600000000000000033e-02 5.343090279502575590e-03
1.619999999999999912e-02 5.192723897407283684e-03
1.639999999999999791e-02 5.049979070742921516e-03
1.660000000000000017e-02 4.914281592438569934e-03
1.679999999999999896e-02 4.785115109544969825e-03
1.699999999999999775e-02 4.662013856748171980e-03
1.720000000000000001e-02 4.544556441548323888e-03
1.739999999999999880e-02 4.432360569874373157e-03
1.759999999999999759e-02 4.325078513751745568e-03
1.779999999999999985e-02 4.222393549288161463e-03
1.799999999999999864e-02 4.124014820699128947e-03
1.819999999999999743e-02 4.029678048438373184e-03
1.839999999999999969e-02 3.939139095437790838e-03
1.859999999999999848e-02 3.852173935787725489e-03
1.879999999999999727e-02 3.768576060098199898e-03
1.899999999999999953e-02 3.688154834474682842e-03
1.919999999999999832e-02 3.610733967671378442e-03
1.939999999999999711e-02 3.536150162486303983e-03
1.959999999999999937e-02 3.464251918951249953e-03
1.979999999999999816e-02 3.394898469473148217e-03
1.999999999999999695e-02 3.327958829051722023e-03
2.019999999999999921e-02 2.878897971424247346e-02
2.039999999999999800e-02 3.813391103571802526e-02
2.059999999999999679e-02 4.323214550277373197e-02
2.079999999999999905e-02 4.657820784579597834e-02
2.099999999999999784e-02 4.900093547227255680e-02
2.119999999999999662e-02 5.086512064329472976e-02
2.139999999999999888e-02 5.236013200554939101e-02
2.159999999999999767e-02 5.359557830802832989e-02
2.179999999999999646e-02 5.464001472351275035e-02
2.199999999999999872e-02 5.553887299253245508e-02
2.219999999999999751e-02 5.632365647134914000e-02
2.239999999999999630e-02 5.701701091609976541e-02
2.259999999999999856e-02 5.763570349431203221e-02
2.279999999999999735e-02 5.819245864218455105e-02
2.299999999999999961e-02 5.869713734814385048e-02
2.319999999999999840e-02 5.915751611734218485e-02
2.339999999999999719e-02 5.957982699540557980e-02
2.359999999999999945e-02 5.996913350168326523e-02
2.379999999999999824e-02 6.032959516571848729e-02
2.399999999999999703e-02 6.066466856453978790e-02
2.419999999999999929e-02 6.097725286531539834e-02
2.439999999999999808e-02 6.126980110615612429e-02
2.459999999999999687e-02 6.154440478630394257e-02
2.479999999999999913e-02 6.180286002339158841e-02
2.499999999999999792e-02 6.204671930608941788e-02
2.519999999999999671e-02 6.227733251706140533e-02
2.539999999999999897e-02 6.249587997954700325e-02
2.559999999999999776e-02 6.270339899987098509e-02
2.579999999999999655e-02 6.290080531017627763e-02
2.599999999999999881e-02 6.308890925065935296e-02
2.619999999999999760e-02 6.326843624019676260e-02
2.639999999999999639e-02 6.344003151383534322e-02
2.659999999999999865e-02 6.360427477025887288e-02
2.679999999999999744e-02 6.376168772206275426e-02
2.699999999999999623e-02 6.391274136098901160e-02
2.719999999999999848e-02 6.405786217832076801e-02
2.739999999999999727e-02 6.419743744328818003e-02
2.759999999999999606e-02 6.433181973922419417e-02
2.779999999999999832e-02 6.446133052929901852e-02
2.799999999999999711e-02 6.458626529605421274e-02
2.819999999999999590e-02 6.470689283670209846e-02
2.839999999999999816e-02 6.482346170018868370e-02
2.859999999999999695e-02 6.493620022168934691e-02
2.879999999999999921e-02 6.504531912032866792e-02
2.899999999999999800e-02 6.515101314313199998e-02
2.919999999999999679e-02 6.525346260073371096e-02
2.939999999999999905e-02 6.535283471872131711e-02
2.959999999999999784e-02 6.544928483709080980e-02
2.979999999999999663e-02 6.554295747765651048e-02
2.999999999999999889e-02 6.563398729629117689e-02
3.019999999999999768e-02 4.019683116635362763e-02
