0.000000000000000000e+00 0.000000000000000000e+00
1.999999999999999825e-04 2.552566876676335902e-02
3.999999999999999650e-04 3.493307009060699769e-02
5.999999999999999474e-04 4.009170307030950758e-02
7.999999999999999299e-04 4.349619195119084486e-02
1.000000000000000021e-03 4.597546734316653588e-02
1.199999999999999895e-03 4.789440887323257595e-02
1.399999999999999769e-03 4.944246719962935160e-02
1.599999999999999860e-03 5.072932909018965097e-02
1.799999999999999951e-03 5.182361929030242231e-02
2.000000000000000042e-03 5.277084067202125056e-02
2.199999999999999699e-03 5.360255992130912028e-02
2.399999999999999790e-03 5.434148344078316289e-02
2.599999999999999881e-03 5.500443565210756669e-02
2.799999999999999538e-03 5.560419508953028805e-02
2.999999999999999629e-03 5.615067296289041193e-02
3.199999999999999720e-03 5.665169604286926508e-02
3.399999999999999811e-03 5.711354231509627177e-02
3.599999999999999901e-03 5.754131681259443826e-02
3.799999999999999559e-03 5.793922126425510993e-02
4.000000000000000083e-03 5.831075138931787055e-02
4.199999999999999740e-03 5.865884353681857788e-02
4.399999999999999398e-03 5.898598608836423673e-02
4.599999999999999922e-03 5.929430416121826003e-02
4.799999999999999580e-03 5.958562587015838602e-02
4.999999999999999237e-03 5.986153417713577229e-02
5.199999999999999761e-03 6.012340800431583560e-02
5.399999999999999419e-03 6.037245529742675532e-02
5.599999999999999076e-03 6.060973963718686158e-02
5.799999999999999600e-03 6.083620289751769800e-02
5.999999999999999258e-03 6.105267829631984972e-02
6.199999999999999782e-03 6.125991476933694002e-02
6.399999999999999439e-03 6.145857959362954759e-02
6.599999999999999097e-03 6.164927348631580456e-02
6.799999999999999621e-03 6.183253828493361776e-02
6.999999999999999278e-03 6.200886428074834505e-02
7.199999999999999803e-03 6.217869644448715399e-02
7.399999999999999460e-03 6.234243975609279204e-02
7.599999999999999117e-03 6.250046378047315054e-02
7.799999999999999642e-03 6.265310627036357882e-02
8.000000000000000167e-03 6.280067834074977429e-02
8.199999999999998956e-03 6.294346379695356375e-02
8.399999999999999481e-03 6.308172560252171823e-02
8.600000000000000006e-03 6.321570594275446875e-02
8.799999999999998795e-03 6.334562884971962904e-02
8.999999999999999320e-03 6.347170187197911928e-02
9.199999999999999845e-03 6.359411763456389310e-02
9.399999999999998634e-03 6.371305521320745624e-02
9.599999999999999159e-03 6.382868135542360544e-02
9.799999999999999684e-03 6.394115156834254132e-02
9.999999999999998473e-03 6.405061110190997387e-02
1.019999999999999900e-02 3.863152700271105244e-02
